 3.600000E+003    0.000000E+000   
 3.700073E+003    1.440501E+001   
 3.800284E+003    2.781851E+001   
 3.900620E+003    4.025763E+001   
 4.001070E+003    5.174078E+001   
 4.101623E+003    6.228764E+001   
 4.202268E+003    7.191913E+001   
 4.302994E+003    8.065731E+001   
 4.403792E+003    8.852536E+001   
 4.504652E+003    9.554755E+001   
 4.605567E+003    1.017491E+002   
 4.706527E+003    1.071564E+002   
 4.807525E+003    1.117963E+002   
 4.908554E+003    1.156970E+002   
 5.009608E+003    1.188871E+002   
 5.110682E+003    1.213961E+002   
 5.211770E+003    1.232542E+002   
 5.312867E+003    1.244921E+002   
 5.413969E+003    1.251411E+002   
 5.515074E+003    1.252331E+002   
 5.616178E+003    1.248003E+002   
 5.717278E+003    1.238756E+002   
 5.818374E+003    1.224919E+002   
 5.919462E+003    1.206828E+002   
 6.020543E+003    1.184819E+002   
 6.121616E+003    1.159232E+002   
 6.222679E+003    1.130409E+002   
 6.323734E+003    1.098694E+002   
 6.424781E+003    1.064432E+002   
 6.525820E+003    1.027970E+002   
 6.626853E+003    9.896551E+001   
 6.727879E+003    9.498354E+001   
 6.828901E+003    9.088596E+001   
 6.929919E+003    8.670766E+001   
 7.030936E+003    8.248349E+001   
 7.131952E+003    7.824832E+001   
 7.232969E+003    7.403694E+001   
 7.333989E+003    6.988407E+001   
 7.435012E+003    6.582433E+001   
 7.536040E+003    6.189225E+001   
 7.637075E+003    5.812219E+001   
 7.738117E+003    5.454835E+001   
 7.839166E+003    5.120476E+001   
 7.940224E+003    4.812522E+001   
 8.041291E+003    4.534329E+001   
 8.142366E+003    4.289228E+001   
 8.243449E+003    4.080516E+001   
 8.344540E+003    3.911463E+001   
 8.445636E+003    3.785298E+001   
 8.546737E+003    3.705212E+001   
 8.647840E+003    3.674352E+001   
 8.748942E+003    3.695820E+001   
 8.850041E+003    3.772663E+001   
 8.951134E+003    3.907878E+001   
 9.052216E+003    4.104399E+001   
 9.153283E+003    4.365098E+001   
 9.254330E+003    4.692780E+001   
 9.355352E+003    5.090177E+001   
 9.456342E+003    5.559943E+001   
 9.557294E+003    6.104653E+001   
 9.658203E+003    6.723858E+001   
 9.759073E+003    7.406143E+001   
 9.859909E+003    8.137765E+001   
 9.960720E+003    8.905222E+001   
 1.006151E+004    9.695185E+001   
 1.016230E+004    1.049444E+002   
 1.026309E+004    1.128980E+002   
 1.036390E+004    1.206807E+002   
 1.046472E+004    1.281596E+002   
 1.056558E+004    1.352002E+002   
 1.066647E+004    1.416657E+002   
 1.076741E+004    1.474164E+002   
 1.086839E+004    1.523092E+002   
 1.096941E+004    1.561968E+002   
 1.107047E+004    1.589275E+002   
 1.117155E+004    1.603445E+002   
 1.127264E+004    1.602859E+002   
 1.137370E+004    1.585844E+002   
 1.147472E+004    1.550677E+002   
 1.157563E+004    1.495583E+002   
 1.167640E+004    1.418748E+002   
 1.177695E+004    1.318329E+002   
 1.187723E+004    1.192438E+002   
 1.197712E+004    1.039245E+002   
 1.207650E+004    8.569478E+001   
 1.217526E+004    6.437934E+001   
 1.227323E+004    3.981955E+001   
 1.237028E+004    1.186723E+001   
 1.246622E+004   -1.959859E+001   
 1.256096E+004   -5.453959E+001   
 1.265442E+004   -9.276667E+001   
 1.274657E+004   -1.340790E+002   
 1.283739E+004   -1.782749E+002   
 1.292686E+004   -2.251556E+002   
 1.301500E+004   -2.745274E+002   
 1.310181E+004   -3.262046E+002   
 1.318733E+004   -3.800097E+002   
 1.327160E+004   -4.357750E+002   
 1.335466E+004   -4.933424E+002   
 1.343655E+004   -5.525638E+002   
 1.351733E+004   -6.133006E+002   
 1.359706E+004   -6.754235E+002   
 1.367579E+004   -7.388120E+002   
 1.375359E+004   -8.033538E+002   
 1.383051E+004   -8.689438E+002   
 1.390661E+004   -9.354866E+002   
 1.398195E+004   -1.002881E+003   
 1.405659E+004   -1.071038E+003   
 1.413058E+004   -1.139880E+003   
 1.420400E+004   -1.209330E+003   
 1.427689E+004   -1.279317E+003   
 1.434933E+004   -1.349772E+003   
 1.442137E+004   -1.420630E+003   
 1.449307E+004   -1.491826E+003   
 1.456450E+004   -1.563300E+003   
 1.463570E+004   -1.634990E+003   
 1.470675E+004   -1.706836E+003   
 1.477770E+004   -1.778781E+003   
 1.484861E+004   -1.850762E+003   
 1.491954E+004   -1.922721E+003   
 1.499056E+004   -1.994599E+003   
 1.506169E+004   -2.066356E+003   
 1.513298E+004   -2.137966E+003   
 1.520443E+004   -2.209401E+003   
 1.527610E+004   -2.280633E+003   
 1.534799E+004   -2.351631E+003   
 1.542014E+004   -2.422366E+003   
 1.549258E+004   -2.492806E+003   
 1.556533E+004   -2.562919E+003   
 1.563843E+004   -2.632671E+003   
 1.571190E+004   -2.702028E+003   
 1.578577E+004   -2.770953E+003   
 1.586007E+004   -2.839409E+003   
 1.593482E+004   -2.907359E+003   
 1.601006E+004   -2.974762E+003   
 1.608582E+004   -3.041579E+003   
 1.616211E+004   -3.107768E+003   
 1.623898E+004   -3.173285E+003   
 1.631643E+004   -3.238086E+003   
 1.639451E+004   -3.302125E+003   
 1.647322E+004   -3.365356E+003   
 1.655261E+004   -3.427735E+003   
 1.663270E+004   -3.489211E+003   
 1.671348E+004   -3.549730E+003   
 1.679500E+004   -3.609242E+003   
 1.687726E+004   -3.667693E+003   
 1.696028E+004   -3.725032E+003   
 1.704406E+004   -3.781204E+003   
 1.712863E+004   -3.836158E+003   
 1.721398E+004   -3.889839E+003   
 1.730012E+004   -3.942196E+003   
 1.738706E+004   -3.993174E+003   
 1.747479E+004   -4.042724E+003   
 1.756330E+004   -4.090795E+003   
 1.765260E+004   -4.137339E+003   
 1.774266E+004   -4.182309E+003   
 1.783348E+004   -4.225661E+003   
 1.792503E+004   -4.267353E+003   
 1.801731E+004   -4.307347E+003   
 1.811027E+004   -4.345608E+003   
 1.820391E+004   -4.382104E+003   
 1.829818E+004   -4.416809E+003   
 1.839306E+004   -4.449722E+003   
 1.848850E+004   -4.480866E+003   
 1.858446E+004   -4.510259E+003   
 1.868090E+004   -4.537920E+003   
 1.877778E+004   -4.563867E+003   
 1.887507E+004   -4.588118E+003   
 1.897273E+004   -4.610686E+003   
 1.907073E+004   -4.631585E+003   
 1.916904E+004   -4.650829E+003   
 1.926764E+004   -4.668429E+003   
 1.936648E+004   -4.684394E+003   
 1.946554E+004   -4.698735E+003   
 1.956480E+004   -4.711459E+003   
 1.966423E+004   -4.722572E+003   
 1.976379E+004   -4.732081E+003   
 1.986347E+004   -4.739989E+003   
 1.996324E+004   -4.746301E+003   
 2.006309E+004   -4.751018E+003   
 2.016298E+004   -4.754141E+003   
 2.026288E+004   -4.755670E+003   
 2.036277E+004   -4.755604E+003   
 2.046262E+004   -4.753941E+003   
 2.056241E+004   -4.750679E+003   
 2.066210E+004   -4.745813E+003   
 2.076168E+004   -4.739339E+003   
 2.086111E+004   -4.731252E+003   
 2.096037E+004   -4.721545E+003   
 2.105943E+004   -4.710211E+003   
 2.115826E+004   -4.697243E+003   
 2.125683E+004   -4.682631E+003   
 2.135512E+004   -4.666366E+003   
 2.145309E+004   -4.648439E+003   
 2.155070E+004   -4.628840E+003   
 2.164794E+004   -4.607557E+003   
 2.174475E+004   -4.584579E+003   
 2.184111E+004   -4.559894E+003   
 2.193698E+004   -4.533492E+003   
 2.203233E+004   -4.505359E+003   
 2.212710E+004   -4.475483E+003   
 2.222127E+004   -4.443853E+003   
 2.231479E+004   -4.410458E+003   
 2.240762E+004   -4.375288E+003   
 2.249972E+004   -4.338355E+003   
 2.259106E+004   -4.299675E+003   
 2.268160E+004   -4.259265E+003   
 2.277133E+004   -4.217141E+003   
 2.286019E+004   -4.173320E+003   
 2.294817E+004   -4.127819E+003   
 2.303523E+004   -4.080655E+003   
 2.312135E+004   -4.031832E+003   
 2.320650E+004   -3.981370E+003   
 2.329064E+004   -3.929296E+003   
 2.337372E+004   -3.875628E+003   
 2.345572E+004   -3.820384E+003   
 2.353661E+004   -3.763583E+003   
 2.361634E+004   -3.705244E+003   
 2.369489E+004   -3.645384E+003   
 2.377223E+004   -3.584025E+003   
 2.384832E+004   -3.521185E+003   
 2.392313E+004   -3.456884E+003   
 2.399663E+004   -3.391143E+003   
 2.406878E+004   -3.323984E+003   
 2.413954E+004   -3.255427E+003   
 2.420890E+004   -3.185495E+003   
 2.427680E+004   -3.114211E+003   
 2.434322E+004   -3.041598E+003   
 2.440813E+004   -2.967681E+003   
 2.447148E+004   -2.892485E+003   
 2.453325E+004   -2.816035E+003   
 2.459341E+004   -2.738358E+003   
 2.465191E+004   -2.659482E+003   
 2.470872E+004   -2.579436E+003   
 2.476382E+004   -2.498250E+003   
 2.481716E+004   -2.415954E+003   
 2.486872E+004   -2.332581E+003   
 2.491846E+004   -2.248164E+003   
 2.496635E+004   -2.162736E+003   
 2.501237E+004   -2.076334E+003   
 2.505647E+004   -1.988994E+003   
 2.509864E+004   -1.900754E+003   
 2.513886E+004   -1.811660E+003   
 2.517713E+004   -1.721760E+003   
 2.521345E+004   -1.631102E+003   
 2.524782E+004   -1.539735E+003   
 2.528024E+004   -1.447704E+003   
 2.531071E+004   -1.355055E+003   
 2.533924E+004   -1.261831E+003   
 2.536581E+004   -1.168077E+003   
 2.539044E+004   -1.073835E+003   
 2.541312E+004   -9.791475E+002   
 2.543385E+004   -8.840560E+002   
 2.545263E+004   -7.886015E+002   
 2.546946E+004   -6.928248E+002   
 2.548434E+004   -5.967660E+002   
 2.549727E+004   -5.004651E+002   
 2.550825E+004   -4.039621E+002   
 2.551726E+004   -3.072964E+002   
 2.552432E+004   -2.105078E+002   
 2.552942E+004   -1.136358E+002   
 2.553255E+004   -1.672032E+001   
 2.553372E+004    8.019883E+001   
 2.553291E+004    1.770815E+002   
 2.553013E+004    2.738871E+002   
 2.552537E+004    3.705991E+002   
 2.551862E+004    4.671824E+002   
 2.550988E+004    5.635904E+002   
 2.549914E+004    6.597807E+002   
 2.548640E+004    7.557195E+002   
 2.547165E+004    8.513672E+002   
 2.545488E+004    9.466818E+002   
 2.543610E+004    1.041611E+003   
 2.541528E+004    1.136124E+003   
 2.539244E+004    1.230138E+003   
 2.536759E+004    1.323591E+003   
 2.534073E+004    1.416441E+003   
 2.531189E+004    1.508652E+003   
 2.528113E+004    1.600191E+003   
 2.524847E+004    1.691026E+003   
 2.521395E+004    1.781126E+003   
 2.517760E+004    1.870460E+003   
 2.513946E+004    1.958999E+003   
 2.509955E+004    2.046714E+003   
 2.505791E+004    2.133579E+003   
 2.501458E+004    2.219565E+003   
 2.496957E+004    2.304646E+003   
 2.492291E+004    2.388796E+003   
 2.487465E+004    2.471986E+003   
 2.482479E+004    2.554192E+003   
 2.477337E+004    2.635387E+003   
 2.472041E+004    2.715544E+003   
 2.466594E+004    2.794636E+003   
 2.460998E+004    2.872637E+003   
 2.455254E+004    2.949519E+003   
 2.449367E+004    3.025253E+003   
 2.443336E+004    3.099811E+003   
 2.437165E+004    3.173164E+003   
 2.430856E+004    3.245282E+003   
 2.424410E+004    3.316132E+003   
 2.417829E+004    3.385685E+003   
 2.411114E+004    3.453924E+003   
 2.404267E+004    3.520812E+003   
 2.397290E+004    3.586297E+003   
 2.390187E+004    3.650343E+003   
 2.382958E+004    3.712913E+003   
 2.375606E+004    3.773966E+003   
 2.368132E+004    3.833464E+003   
 2.360540E+004    3.891362E+003   
 2.352830E+004    3.947619E+003   
 2.345005E+004    4.002190E+003   
 2.337068E+004    4.055027E+003   
 2.329020E+004    4.106083E+003   
 2.320862E+004    4.155326E+003   
 2.312597E+004    4.202699E+003   
 2.304230E+004    4.248144E+003   
 2.295764E+004    4.291681E+003   
 2.287206E+004    4.333359E+003   
 2.278564E+004    4.373221E+003   
 2.269847E+004    4.411317E+003   
 2.261061E+004    4.447711E+003   
 2.252213E+004    4.482470E+003   
 2.243308E+004    4.515666E+003   
 2.234351E+004    4.547373E+003   
 2.225349E+004    4.577669E+003   
 2.216304E+004    4.606632E+003   
 2.207223E+004    4.634342E+003   
 2.198108E+004    4.660880E+003   
 2.188963E+004    4.686326E+003   
 2.179792E+004    4.710761E+003   
 2.170597E+004    4.734266E+003   
 2.161382E+004    4.756923E+003   
 2.152149E+004    4.778810E+003   
 2.142901E+004    4.800007E+003   
 2.133639E+004    4.820593E+003   
 2.124366E+004    4.840647E+003   
 2.115083E+004    4.860244E+003   
 2.105793E+004    4.879462E+003   
 2.096496E+004    4.898377E+003   
 2.087195E+004    4.917064E+003   
 2.077891E+004    4.935598E+003   
 2.068585E+004    4.954051E+003   
 2.059279E+004    4.972499E+003   
 2.049974E+004    4.991014E+003   
 2.040673E+004    5.009670E+003   
 2.031375E+004    5.028537E+003   
 2.022084E+004    5.047689E+003   
 2.012800E+004    5.067197E+003   
 2.003525E+004    5.087133E+003   
 1.994261E+004    5.107569E+003   
 1.985011E+004    5.128576E+003   
 1.975775E+004    5.150224E+003   
 1.966558E+004    5.172584E+003   
 1.957360E+004    5.195727E+003   
 1.948184E+004    5.219724E+003   
 1.939033E+004    5.244642E+003   
 1.929912E+004    5.270550E+003   
 1.920822E+004    5.297507E+003   
 1.911764E+004    5.325497E+003   
 1.902739E+004    5.354462E+003   
 1.893744E+004    5.384345E+003   
 1.884780E+004    5.415088E+003   
 1.875844E+004    5.446634E+003   
 1.866935E+004    5.478926E+003   
 1.858053E+004    5.511909E+003   
 1.849195E+004    5.545529E+003   
 1.840360E+004    5.579732E+003   
 1.831545E+004    5.614463E+003   
 1.822750E+004    5.649671E+003   
 1.813972E+004    5.685301E+003   
 1.805210E+004    5.721303E+003   
 1.796461E+004    5.757624E+003   
 1.787723E+004    5.794214E+003   
 1.778994E+004    5.831019E+003   
 1.770272E+004    5.867990E+003   
 1.761555E+004    5.905074E+003   
 1.752841E+004    5.942219E+003   
 1.744127E+004    5.979374E+003   
 1.735412E+004    6.016486E+003   
 1.726692E+004    6.053502E+003   
 1.717966E+004    6.090368E+003   
 1.709231E+004    6.127030E+003   
 1.700486E+004    6.163431E+003   
 1.691727E+004    6.199516E+003   
 1.682954E+004    6.235226E+003   
 1.674163E+004    6.270502E+003   
 1.665353E+004    6.305283E+003   
 1.656521E+004    6.339507E+003   
 1.647666E+004    6.373110E+003   
 1.638786E+004    6.406027E+003   
 1.629879E+004    6.438190E+003   
 1.620943E+004    6.469530E+003   
 1.611977E+004    6.499974E+003   
 1.602980E+004    6.529447E+003   
 1.593950E+004    6.557874E+003   
 1.584888E+004    6.585178E+003   
 1.575792E+004    6.611277E+003   
 1.566661E+004    6.636092E+003   
 1.557496E+004    6.659541E+003   
 1.548296E+004    6.681541E+003   
 1.539062E+004    6.702004E+003   
 1.529796E+004    6.720841E+003   
 1.520500E+004    6.737968E+003   
 1.511177E+004    6.753298E+003   
 1.501829E+004    6.766747E+003   
 1.492459E+004    6.778235E+003   
 1.483070E+004    6.787682E+003   
 1.473668E+004    6.795012E+003   
 1.464256E+004    6.800157E+003   
 1.454839E+004    6.803063E+003   
 1.445424E+004    6.803762E+003   
 1.436015E+004    6.802325E+003   
 1.426615E+004    6.798823E+003   
 1.417229E+004    6.793329E+003   
 1.407860E+004    6.785917E+003   
 1.398511E+004    6.776663E+003   
 1.389185E+004    6.765641E+003   
 1.379883E+004    6.752925E+003   
 1.370608E+004    6.738588E+003   
 1.361361E+004    6.722703E+003   
 1.352143E+004    6.705339E+003   
 1.342954E+004    6.686565E+003   
 1.333797E+004    6.666449E+003   
 1.324670E+004    6.645054E+003   
 1.315574E+004    6.622443E+003   
 1.306509E+004    6.598678E+003   
 1.297475E+004    6.573816E+003   
 1.288472E+004    6.547915E+003   
 1.279498E+004    6.521029E+003   
 1.270555E+004    6.493209E+003   
 1.261640E+004    6.464508E+003   
 1.252753E+004    6.434973E+003   
 1.243893E+004    6.404652E+003   
 1.235060E+004    6.373590E+003   
 1.226253E+004    6.341831E+003   
 1.217469E+004    6.309416E+003   
 1.208710E+004    6.276386E+003   
 1.199972E+004    6.242782E+003   
 1.191256E+004    6.208640E+003   
 1.182560E+004    6.173998E+003   
 1.173882E+004    6.138892E+003   
 1.165223E+004    6.103356E+003   
 1.156580E+004    6.067424E+003   
 1.147952E+004    6.031130E+003   
 1.139339E+004    5.994505E+003   
 1.130738E+004    5.957581E+003   
 1.122149E+004    5.920390E+003   
 1.113571E+004    5.882961E+003   
 1.105001E+004    5.845325E+003   
 1.096440E+004    5.807511E+003   
 1.087885E+004    5.769548E+003   
 1.079335E+004    5.731466E+003   
 1.070790E+004    5.693292E+003   
 1.062247E+004    5.655057E+003   
 1.053706E+004    5.616789E+003   
 1.045165E+004    5.578516E+003   
 1.036622E+004    5.540266E+003   
 1.028078E+004    5.502071E+003   
 1.019530E+004    5.463957E+003   
 1.010977E+004    5.425956E+003   
 1.002417E+004    5.388096E+003   
 9.938503E+003    5.350409E+003   
 9.852744E+003    5.312926E+003   
 9.766884E+003    5.275677E+003   
 9.680910E+003    5.238697E+003   
 9.594808E+003    5.202017E+003   
 9.508565E+003    5.165672E+003   
 9.422170E+003    5.129697E+003   
 9.335608E+003    5.094129E+003   
 9.248868E+003    5.059005E+003   
 9.161942E+003    5.024353E+003   
 9.074827E+003    4.990184E+003   
 8.987527E+003    4.956502E+003   
 8.900038E+003    4.923312E+003   
 8.812364E+003    4.890621E+003   
 8.724507E+003    4.858435E+003   
 8.636468E+003    4.826759E+003   
 8.548249E+003    4.795598E+003   
 8.459851E+003    4.764957E+003   
 8.371277E+003    4.734841E+003   
 8.282528E+003    4.705254E+003   
 8.193604E+003    4.676199E+003   
 8.104508E+003    4.647682E+003   
 8.015244E+003    4.619706E+003   
 7.925815E+003    4.592275E+003   
 7.836223E+003    4.565392E+003   
 7.746472E+003    4.539060E+003   
 7.656563E+003    4.513281E+003   
 7.566501E+003    4.488059E+003   
 7.476288E+003    4.463394E+003   
 7.385928E+003    4.439289E+003   
 7.295423E+003    4.415745E+003   
 7.204778E+003    4.392763E+003   
 7.113996E+003    4.370343E+003   
 7.023080E+003    4.348487E+003   
 6.932035E+003    4.327194E+003   
 6.840861E+003    4.306463E+003   
 6.749562E+003    4.286293E+003   
 6.658143E+003    4.266685E+003   
 6.566605E+003    4.247635E+003   
 6.474954E+003    4.229144E+003   
 6.383191E+003    4.211207E+003   
 6.291323E+003    4.193825E+003   
 6.199352E+003    4.176993E+003   
 6.107281E+003    4.160708E+003   
 6.015116E+003    4.144969E+003   
 5.922860E+003    4.129771E+003   
 5.830518E+003    4.115110E+003   
 5.738096E+003    4.100983E+003   
 5.645598E+003    4.087386E+003   
 5.553027E+003    4.074313E+003   
 5.460387E+003    4.061760E+003   
 5.367681E+003    4.049721E+003   
 5.274914E+003    4.038192E+003   
 5.182088E+003    4.027167E+003   
 5.089208E+003    4.016639E+003   
 4.996275E+003    4.006604E+003   
 4.903294E+003    3.997054E+003   
 4.810267E+003    3.987983E+003   
 4.717196E+003    3.979386E+003   
 4.624084E+003    3.971254E+003   
 4.530936E+003    3.963582E+003   
 4.437753E+003    3.956363E+003   
 4.344539E+003    3.949589E+003   
 4.251296E+003    3.943255E+003   
 4.158027E+003    3.937352E+003   
 4.064734E+003    3.931873E+003   
 3.971419E+003    3.926812E+003   
 3.878085E+003    3.922160E+003   
 3.784734E+003    3.917911E+003   
 3.691366E+003    3.914058E+003   
 3.597986E+003    3.910592E+003   
 3.504593E+003    3.907507E+003   
 3.411190E+003    3.904794E+003   
 3.317779E+003    3.902448E+003   
 3.224361E+003    3.900460E+003   
 3.130937E+003    3.898824E+003   
 3.037509E+003    3.897531E+003   
 2.944079E+003    3.896575E+003   
 2.850647E+003    3.895948E+003   
 2.757214E+003    3.895644E+003   
 2.663782E+003    3.895655E+003   
 2.570351E+003    3.895974E+003   
 2.476923E+003    3.896595E+003   
 2.383498E+003    3.897510E+003   
 2.290077E+003    3.898713E+003   
 2.196660E+003    3.900196E+003   
 2.103249E+003    3.901954E+003   
 2.009844E+003    3.903980E+003   
 1.916445E+003    3.906267E+003   
 1.823054E+003    3.908809E+003   
 1.729671E+003    3.911600E+003   
 1.636296E+003    3.914633E+003   
 1.542930E+003    3.917902E+003   
 1.449572E+003    3.921404E+003   
 1.356224E+003    3.925141E+003   
 1.262887E+003    3.929119E+003   
 1.169561E+003    3.933341E+003   
 1.076248E+003    3.937812E+003   
 9.829476E+002    3.942539E+003   
 8.896616E+002    3.947525E+003   
 7.963909E+002    3.952775E+003   
 7.031366E+002    3.958296E+003   
 6.098998E+002    3.964092E+003   
 5.166817E+002    3.970168E+003   
 4.234836E+002    3.976531E+003   
 3.303068E+002    3.983186E+003   
 2.371528E+002    3.990139E+003   
 1.440229E+002    3.997396E+003   
 5.091804E+001    4.004963E+003   
-4.216007E+001    4.012846E+003   
-1.352091E+002    4.021052E+003   
-2.282273E+002    4.029588E+003   
-3.212128E+002    4.038461E+003   
-4.141636E+002    4.047677E+003   
-5.070775E+002    4.057244E+003   
-5.999525E+002    4.067169E+003   
-6.927861E+002    4.077461E+003   
-7.855759E+002    4.088127E+003   
-8.783193E+002    4.099175E+003   
-9.710136E+002    4.110614E+003   
-1.063656E+003    4.122453E+003   
-1.156243E+003    4.134701E+003   
-1.248772E+003    4.147367E+003   
-1.341240E+003    4.160461E+003   
-1.433642E+003    4.173994E+003   
-1.525975E+003    4.187974E+003   
-1.618235E+003    4.202414E+003   
-1.710418E+003    4.217325E+003   
-1.802519E+003    4.232718E+003   
-1.894533E+003    4.248604E+003   
-1.986455E+003    4.264998E+003   
-2.078281E+003    4.281911E+003   
-2.170003E+003    4.299357E+003   
-2.261616E+003    4.317349E+003   
-2.353113E+003    4.335903E+003   
-2.444490E+003    4.355034E+003   
-2.535740E+003    4.374758E+003   
-2.626851E+003    4.395090E+003   
-2.717816E+003    4.416048E+003   
-2.808626E+003    4.437648E+003   
-2.899270E+003    4.459910E+003   
-2.989739E+003    4.482852E+003   
-3.080022E+003    4.506495E+003   
-3.170107E+003    4.530859E+003   
-3.259981E+003    4.555965E+003   
-3.349630E+003    4.581837E+003   
-3.439040E+003    4.608497E+003   
-3.528196E+003    4.635970E+003   
-3.617080E+003    4.664282E+003   
-3.705675E+003    4.693458E+003   
-3.793960E+003    4.723527E+003   
-3.881915E+003    4.754517E+003   
-3.969518E+003    4.786459E+003   
-4.056743E+003    4.819383E+003   
-4.143564E+003    4.853321E+003   
-4.229953E+003    4.888307E+003   
-4.315880E+003    4.924377E+003   
-4.401310E+003    4.961566E+003   
-4.486208E+003    4.999911E+003   
-4.570535E+003    5.039452E+003   
-4.654248E+003    5.080227E+003   
-4.737303E+003    5.122278E+003   
-4.819650E+003    5.165647E+003   
-4.901236E+003    5.210376E+003   
-4.982004E+003    5.256510E+003   
-5.061890E+003    5.304090E+003   
-5.140829E+003    5.353163E+003   
-5.218748E+003    5.403771E+003   
-5.295570E+003    5.455958E+003   
-5.371212E+003    5.509765E+003   
-5.445584E+003    5.565234E+003   
-5.518593E+003    5.622402E+003   
-5.590137E+003    5.681305E+003   
-5.660109E+003    5.741972E+003   
-5.728399E+003    5.804429E+003   
-5.794889E+003    5.868697E+003   
-5.859457E+003    5.934788E+003   
-5.921980E+003    6.002705E+003   
-5.982331E+003    6.072443E+003   
-6.040381E+003    6.143987E+003   
-6.096048E+003    6.217368E+003   
-6.149189E+003    6.292536E+003   
-6.199652E+003    6.369395E+003   
-6.247326E+003    6.447882E+003   
-6.292106E+003    6.527920E+003   
-6.333926E+003    6.609411E+003   
-6.372789E+003    6.692227E+003   
-6.408723E+003    6.776238E+003   
-6.441764E+003    6.861317E+003   
-6.471959E+003    6.947343E+003   
-6.499362E+003    7.034203E+003   
-6.524033E+003    7.121788E+003   
-6.546037E+003    7.209996E+003   
-6.565444E+003    7.298733E+003   
-6.582325E+003    7.387913E+003   
-6.596758E+003    7.477493E+003   
-6.608815E+003    7.567412E+003   
-6.618565E+003    7.657586E+003   
-6.626077E+003    7.747949E+003   
-6.631421E+003    7.838458E+003   
-6.634666E+003    7.929073E+003   
-6.635875E+003    8.019742E+003   
-6.635113E+003    8.110419E+003   
-6.632440E+003    8.201062E+003   
-6.627917E+003    8.291634E+003   
-6.621599E+003    8.382101E+003   
-6.613542E+003    8.472433E+003   
-6.603799E+003    8.562600E+003   
-6.592421E+003    8.652577E+003   
-6.579454E+003    8.742340E+003   
-6.564946E+003    8.831870E+003   
-6.548940E+003    8.921145E+003   
-6.531478E+003    9.010147E+003   
-6.512599E+003    9.098862E+003   
-6.492340E+003    9.187273E+003   
-6.470738E+003    9.275366E+003   
-6.447825E+003    9.363129E+003   
-6.423635E+003    9.450549E+003   
-6.398197E+003    9.537614E+003   
-6.371539E+003    9.624316E+003   
-6.343690E+003    9.710642E+003   
-6.314674E+003    9.796584E+003   
-6.284516E+003    9.882132E+003   
-6.253238E+003    9.967278E+003   
-6.220861E+003    1.005201E+004   
-6.187407E+003    1.013633E+004   
-6.152893E+003    1.022022E+004   
-6.117341E+003    1.030367E+004   
-6.080770E+003    1.038666E+004   
-6.043198E+003    1.046918E+004   
-6.004638E+003    1.055124E+004   
-5.965104E+003    1.063282E+004   
-5.924611E+003    1.071391E+004   
-5.883170E+003    1.079450E+004   
-5.840793E+003    1.087460E+004   
-5.797491E+003    1.095418E+004   
-5.753272E+003    1.103325E+004   
-5.708147E+003    1.111178E+004   
-5.662124E+003    1.118978E+004   
-5.615211E+003    1.126723E+004   
-5.567414E+003    1.134413E+004   
-5.518740E+003    1.142046E+004   
-5.469195E+003    1.149622E+004   
-5.418781E+003    1.157139E+004   
-5.367500E+003    1.164597E+004   
-5.315357E+003    1.171994E+004   
-5.262355E+003    1.179330E+004   
-5.208494E+003    1.186603E+004   
-5.153777E+003    1.193812E+004   
-5.098207E+003    1.200955E+004   
-5.041784E+003    1.208032E+004   
-4.984509E+003    1.215039E+004   
-4.926383E+003    1.221976E+004   
-4.867407E+003    1.228840E+004   
-4.807579E+003    1.235631E+004   
-4.746899E+003    1.242346E+004   
-4.685367E+003    1.248982E+004   
-4.622982E+003    1.255538E+004   
-4.559741E+003    1.262012E+004   
-4.495641E+003    1.268401E+004   
-4.430685E+003    1.274703E+004   
-4.364876E+003    1.280914E+004   
-4.298218E+003    1.287031E+004   
-4.230710E+003    1.293051E+004   
-4.162350E+003    1.298972E+004   
-4.093138E+003    1.304789E+004   
-4.023074E+003    1.310501E+004   
-3.952156E+003    1.316102E+004   
-3.880387E+003    1.321591E+004   
-3.807780E+003    1.326964E+004   
-3.734353E+003    1.332221E+004   
-3.660129E+003    1.337361E+004   
-3.585128E+003    1.342383E+004   
-3.509372E+003    1.347286E+004   
-3.432884E+003    1.352070E+004   
-3.355686E+003    1.356734E+004   
-3.277801E+003    1.361279E+004   
-3.199254E+003    1.365704E+004   
-3.120068E+003    1.370010E+004   
-3.040266E+003    1.374196E+004   
-2.959873E+003    1.378262E+004   
-2.878912E+003    1.382211E+004   
-2.797407E+003    1.386041E+004   
-2.715381E+003    1.389754E+004   
-2.632857E+003    1.393350E+004   
-2.549858E+003    1.396831E+004   
-2.466406E+003    1.400198E+004   
-2.382524E+003    1.403452E+004   
-2.298234E+003    1.406593E+004   
-2.213555E+003    1.409624E+004   
-2.128508E+003    1.412546E+004   
-2.043115E+003    1.415360E+004   
-1.957392E+003    1.418067E+004   
-1.871361E+003    1.420670E+004   
-1.785037E+003    1.423171E+004   
-1.698440E+003    1.425570E+004   
-1.611585E+003    1.427869E+004   
-1.524489E+003    1.430071E+004   
-1.437167E+003    1.432177E+004   
-1.349627E+003    1.434189E+004   
-1.261883E+003    1.436109E+004   
-1.173950E+003    1.437939E+004   
-1.085843E+003    1.439681E+004   
-9.975757E+002    1.441335E+004   
-9.091619E+002    1.442905E+004   
-8.206129E+002    1.444393E+004   
-7.319393E+002    1.445799E+004   
-6.431510E+002    1.447126E+004   
-5.542575E+002    1.448376E+004   
-4.652679E+002    1.449551E+004   
-3.761904E+002    1.450652E+004   
-2.870332E+002    1.451682E+004   
-1.978037E+002    1.452642E+004   
-1.085050E+002    1.453534E+004   
-1.914516E+001    1.454361E+004   
 7.026720E+001    1.455122E+004   
 1.597263E+002    1.455822E+004   
 2.492267E+002    1.456460E+004   
 3.387633E+002    1.457040E+004   
 4.283316E+002    1.457562E+004   
 5.179270E+002    1.458029E+004   
 6.075457E+002    1.458442E+004   
 6.971840E+002    1.458803E+004   
 7.868383E+002    1.459113E+004   
 8.765055E+002    1.459375E+004   
 9.661828E+002    1.459589E+004   
 1.055868E+003    1.459758E+004   
 1.145557E+003    1.459883E+004   
 1.235250E+003    1.459966E+004   
 1.324944E+003    1.460008E+004   
 1.414637E+003    1.460010E+004   
 1.504328E+003    1.459976E+004   
 1.594015E+003    1.459905E+004   
 1.683697E+003    1.459799E+004   
 1.773374E+003    1.459658E+004   
 1.863042E+003    1.459483E+004   
 1.952703E+003    1.459274E+004   
 2.042353E+003    1.459031E+004   
 2.131993E+003    1.458754E+004   
 2.221621E+003    1.458445E+004   
 2.311235E+003    1.458103E+004   
 2.400836E+003    1.457729E+004   
 2.490422E+003    1.457323E+004   
 2.579993E+003    1.456886E+004   
 2.669548E+003    1.456418E+004   
 2.759085E+003    1.455919E+004   
 2.848603E+003    1.455390E+004   
 2.938103E+003    1.454831E+004   
 3.027584E+003    1.454243E+004   
 3.117044E+003    1.453626E+004   
 3.206483E+003    1.452980E+004   
 3.295901E+003    1.452307E+004   
 3.385297E+003    1.451605E+004   
 3.474670E+003    1.450877E+004   
 3.564020E+003    1.450122E+004   
 3.653346E+003    1.449340E+004   
 3.742649E+003    1.448533E+004   
 3.831928E+003    1.447700E+004   
 3.921182E+003    1.446842E+004   
 4.010412E+003    1.445959E+004   
 4.099617E+003    1.445053E+004   
 4.188797E+003    1.444123E+004   
 4.277952E+003    1.443169E+004   
 4.367082E+003    1.442193E+004   
 4.456186E+003    1.441195E+004   
 4.545266E+003    1.440175E+004   
 4.634320E+003    1.439134E+004   
 4.723349E+003    1.438071E+004   
 4.812353E+003    1.436989E+004   
 4.901332E+003    1.435886E+004   
 4.990286E+003    1.434764E+004   
 5.079216E+003    1.433623E+004   
 5.168121E+003    1.432464E+004   
 5.257003E+003    1.431286E+004   
 5.345860E+003    1.430091E+004   
 5.434694E+003    1.428879E+004   
 5.523505E+003    1.427650E+004   
 5.612294E+003    1.426405E+004   
 5.701060E+003    1.425144E+004   
 5.789804E+003    1.423868E+004   
 5.878527E+003    1.422578E+004   
 5.967228E+003    1.421273E+004   
 6.055909E+003    1.419955E+004   
 6.144570E+003    1.418623E+004   
 6.233211E+003    1.417278E+004   
 6.321834E+003    1.415921E+004   
 6.410438E+003    1.414552E+004   
 6.499024E+003    1.413172E+004   
 6.587593E+003    1.411781E+004   
 6.676146E+003    1.410379E+004   
 6.764682E+003    1.408968E+004   
 6.853204E+003    1.407547E+004   
 6.941711E+003    1.406117E+004   
 7.030204E+003    1.404678E+004   
 7.118684E+003    1.403232E+004   
 7.207151E+003    1.401778E+004   
 7.295607E+003    1.400317E+004   
 7.384052E+003    1.398849E+004   
 7.472486E+003    1.397375E+004   
 7.560911E+003    1.395896E+004   
 7.649327E+003    1.394411E+004   
 7.737736E+003    1.392921E+004   
 7.826137E+003    1.391428E+004   
 7.914532E+003    1.389930E+004   
 8.002921E+003    1.388430E+004   
 8.091305E+003    1.386926E+004   
 8.179686E+003    1.385420E+004   
 8.268062E+003    1.383912E+004   
 8.356435E+003    1.382402E+004   
 8.444805E+003    1.380890E+004   
 8.533172E+003    1.379376E+004   
 8.621535E+003    1.377860E+004   
 8.709896E+003    1.376343E+004   
 8.798254E+003    1.374823E+004   
 8.886609E+003    1.373303E+004   
 8.974962E+003    1.371781E+004   
 9.063312E+003    1.370258E+004   
 9.151661E+003    1.368733E+004   
 9.240007E+003    1.367208E+004   
 9.328352E+003    1.365681E+004   
 9.416695E+003    1.364153E+004   
 9.505037E+003    1.362625E+004   
 9.593377E+003    1.361096E+004   
 9.681716E+003    1.359566E+004   
 9.770055E+003    1.358035E+004   
 9.858392E+003    1.356505E+004   
 9.946729E+003    1.354973E+004   
 1.003507E+004    1.353442E+004   
 1.012340E+004    1.351910E+004   
 1.021174E+004    1.350378E+004   
 1.030007E+004    1.348847E+004   
 1.038841E+004    1.347315E+004   
 1.047675E+004    1.345783E+004   
 1.056508E+004    1.344252E+004   
 1.065342E+004    1.342721E+004   
 1.074176E+004    1.341191E+004   
 1.083010E+004    1.339661E+004   
 1.091844E+004    1.338131E+004   
 1.100678E+004    1.336603E+004   
 1.109512E+004    1.335075E+004   
 1.118347E+004    1.333548E+004   
 1.127181E+004    1.332023E+004   
 1.136016E+004    1.330498E+004   
 1.144851E+004    1.328975E+004   
 1.153686E+004    1.327452E+004   
 1.162522E+004    1.325932E+004   
 1.171357E+004    1.324412E+004   
 1.180194E+004    1.322894E+004   
 1.189030E+004    1.321378E+004   
 1.197866E+004    1.319864E+004   
 1.206703E+004    1.318352E+004   
 1.215541E+004    1.316841E+004   
 1.224378E+004    1.315333E+004   
 1.233216E+004    1.313826E+004   
 1.242054E+004    1.312322E+004   
 1.250893E+004    1.310820E+004   
 1.259732E+004    1.309321E+004   
 1.268572E+004    1.307824E+004   
 1.277412E+004    1.306329E+004   
 1.286252E+004    1.304838E+004   
 1.295093E+004    1.303349E+004   
 1.303935E+004    1.301863E+004   
 1.312776E+004    1.300380E+004   
 1.321619E+004    1.298900E+004   
 1.330462E+004    1.297423E+004   
 1.339305E+004    1.295949E+004   
 1.348149E+004    1.294479E+004   
 1.356994E+004    1.293012E+004   
 1.365839E+004    1.291549E+004   
 1.374685E+004    1.290090E+004   
 1.383531E+004    1.288634E+004   
 1.392378E+004    1.287182E+004   
 1.401226E+004    1.285734E+004   
 1.410074E+004    1.284289E+004   
 1.418923E+004    1.282849E+004   
 1.427773E+004    1.281414E+004   
 1.436623E+004    1.279982E+004   
 1.445474E+004    1.278555E+004   
 1.454326E+004    1.277132E+004   
 1.463179E+004    1.275714E+004   
 1.472032E+004    1.274301E+004   
 1.480886E+004    1.272892E+004   
 1.489741E+004    1.271489E+004   
 1.498596E+004    1.270090E+004   
 1.507453E+004    1.268696E+004   
 1.516310E+004    1.267308E+004   
 1.525168E+004    1.265924E+004   
 1.534027E+004    1.264547E+004   
 1.542886E+004    1.263174E+004   
 1.551747E+004    1.261808E+004   
 1.560608E+004    1.260446E+004   
 1.569471E+004    1.259091E+004   
 1.578334E+004    1.257742E+004   
 1.587198E+004    1.256398E+004   
 1.596063E+004    1.255061E+004   
 1.604929E+004    1.253729E+004   
 1.613796E+004    1.252405E+004   
 1.622664E+004    1.251086E+004   
 1.631532E+004    1.249774E+004   
 1.640402E+004    1.248468E+004   
 1.649273E+004    1.247168E+004   
 1.658144E+004    1.245875E+004   
 1.667016E+004    1.244587E+004   
 1.675890E+004    1.243305E+004   
 1.684764E+004    1.242029E+004   
 1.693638E+004    1.240758E+004   
 1.702514E+004    1.239493E+004   
 1.711390E+004    1.238233E+004   
 1.720267E+004    1.236978E+004   
 1.729145E+004    1.235728E+004   
 1.738023E+004    1.234483E+004   
 1.746903E+004    1.233243E+004   
 1.755782E+004    1.232007E+004   
 1.764663E+004    1.230776E+004   
 1.773543E+004    1.229549E+004   
 1.782425E+004    1.228326E+004   
 1.791307E+004    1.227108E+004   
 1.800190E+004    1.225893E+004   
 1.809073E+004    1.224682E+004   
 1.817956E+004    1.223474E+004   
 1.826840E+004    1.222270E+004   
 1.835725E+004    1.221070E+004   
 1.844610E+004    1.219872E+004   
 1.853495E+004    1.218678E+004   
 1.862381E+004    1.217486E+004   
 1.871267E+004    1.216298E+004   
 1.880153E+004    1.215112E+004   
 1.889040E+004    1.213928E+004   
 1.897927E+004    1.212747E+004   
 1.906814E+004    1.211568E+004   
 1.915702E+004    1.210391E+004   
 1.924590E+004    1.209216E+004   
 1.933478E+004    1.208043E+004   
 1.942367E+004    1.206871E+004   
 1.951255E+004    1.205701E+004   
 1.960144E+004    1.204533E+004   
 1.969033E+004    1.203366E+004   
 1.977922E+004    1.202199E+004   
 1.986811E+004    1.201034E+004   
 1.995700E+004    1.199870E+004   
 2.004590E+004    1.198706E+004   
 2.013479E+004    1.197543E+004   
 2.022369E+004    1.196380E+004   
 2.031258E+004    1.195217E+004   
 2.040148E+004    1.194055E+004   
 2.049037E+004    1.192893E+004   
 2.057927E+004    1.191730E+004   
 2.066816E+004    1.190567E+004   
 2.075706E+004    1.189404E+004   
 2.084595E+004    1.188240E+004   
 2.093485E+004    1.187075E+004   
 2.102374E+004    1.185910E+004   
 2.111263E+004    1.184744E+004   
 2.120152E+004    1.183576E+004   
 2.129040E+004    1.182407E+004   
 2.137929E+004    1.181237E+004   
 2.146817E+004    1.180065E+004   
 2.155705E+004    1.178892E+004   
 2.164593E+004    1.177717E+004   
 2.173481E+004    1.176540E+004   
 2.182368E+004    1.175360E+004   
 2.191255E+004    1.174179E+004   
 2.200142E+004    1.172995E+004   
 2.209029E+004    1.171809E+004   
 2.217915E+004    1.170620E+004   
 2.226800E+004    1.169429E+004   
 2.235686E+004    1.168234E+004   
 2.244570E+004    1.167037E+004   
 2.253455E+004    1.165836E+004   
 2.262339E+004    1.164632E+004   
 2.271223E+004    1.163425E+004   
 2.280106E+004    1.162214E+004   
 2.288988E+004    1.160999E+004   
 2.297870E+004    1.159781E+004   
 2.306752E+004    1.158559E+004   
 2.315633E+004    1.157333E+004   
 2.324513E+004    1.156102E+004   
 2.333393E+004    1.154868E+004   
 2.342272E+004    1.153628E+004   
 2.351151E+004    1.152385E+004   
 2.360029E+004    1.151136E+004   
 2.368906E+004    1.149883E+004   
 2.377782E+004    1.148625E+004   
 2.386658E+004    1.147362E+004   
 2.395533E+004    1.146093E+004   
 2.404407E+004    1.144820E+004   
 2.413281E+004    1.143540E+004   
 2.422153E+004    1.142256E+004   
 2.431025E+004    1.140966E+004   
 2.439896E+004    1.139669E+004   
 2.448766E+004    1.138367E+004   
 2.457636E+004    1.137059E+004   
 2.466504E+004    1.135745E+004   
 2.475371E+004    1.134425E+004   
 2.484238E+004    1.133098E+004   
 2.493103E+004    1.131765E+004   
 2.501968E+004    1.130426E+004   
 2.510832E+004    1.129082E+004   
 2.519695E+004    1.127733E+004   
 2.528557E+004    1.126379E+004   
 2.537419E+004    1.125021E+004   
 2.546280E+004    1.123660E+004   
 2.555141E+004    1.122295E+004   
 2.564001E+004    1.120927E+004   
 2.572861E+004    1.119557E+004   
 2.581720E+004    1.118186E+004   
 2.590580E+004    1.116812E+004   
 2.599439E+004    1.115438E+004   
 2.608298E+004    1.114062E+004   
 2.617157E+004    1.112687E+004   
 2.626016E+004    1.111312E+004   
 2.634875E+004    1.109937E+004   
 2.643734E+004    1.108564E+004   
 2.652594E+004    1.107191E+004   
 2.661454E+004    1.105821E+004   
 2.670314E+004    1.104453E+004   
 2.679174E+004    1.103088E+004   
 2.688035E+004    1.101726E+004   
 2.696897E+004    1.100367E+004   
 2.705759E+004    1.099013E+004   
 2.714622E+004    1.097662E+004   
 2.723486E+004    1.096317E+004   
 2.732350E+004    1.094977E+004   
 2.741215E+004    1.093643E+004   
 2.750082E+004    1.092315E+004   
 2.758949E+004    1.090993E+004   
 2.767817E+004    1.089679E+004   
 2.776686E+004    1.088372E+004   
 2.785557E+004    1.087073E+004   
 2.794428E+004    1.085782E+004   
 2.803301E+004    1.084500E+004   
 2.812176E+004    1.083227E+004   
 2.821051E+004    1.081965E+004   
 2.829928E+004    1.080712E+004   
 2.838807E+004    1.079470E+004   
 2.847687E+004    1.078239E+004   
 2.856569E+004    1.077019E+004   
 2.865452E+004    1.075812E+004   
 2.874337E+004    1.074617E+004   
 2.883224E+004    1.073436E+004   
 2.892112E+004    1.072268E+004   
 2.901003E+004    1.071113E+004   
 2.909895E+004    1.069974E+004   
 2.918789E+004    1.068849E+004   
 2.927685E+004    1.067740E+004   
 2.936583E+004    1.066647E+004   
 2.945483E+004    1.065570E+004   
 2.954385E+004    1.064511E+004   
 2.963289E+004    1.063469E+004   
 2.972195E+004    1.062446E+004   
 2.981103E+004    1.061441E+004   
 2.990013E+004    1.060455E+004   
 2.998925E+004    1.059489E+004   
 3.007840E+004    1.058544E+004   
 3.016757E+004    1.057620E+004   
 3.025676E+004    1.056717E+004   
 3.034597E+004    1.055836E+004   
 3.043520E+004    1.054979E+004   
 3.052445E+004    1.054144E+004   
 3.061372E+004    1.053334E+004   
 3.070302E+004    1.052548E+004   
 3.079234E+004    1.051787E+004   
 3.088167E+004    1.051050E+004   
 3.097103E+004    1.050336E+004   
 3.106040E+004    1.049642E+004   
 3.114978E+004    1.048967E+004   
 3.123918E+004    1.048310E+004   
 3.132859E+004    1.047669E+004   
 3.141800E+004    1.047043E+004   
 3.150743E+004    1.046432E+004   
 3.159687E+004    1.045829E+004   
 3.168631E+004    1.045236E+004   
 3.177575E+004    1.044651E+004   
 3.186520E+004    1.044064E+004   
 3.195464E+004    1.043468E+004   
 3.204407E+004    1.042871E+004   
 3.213351E+004    1.042275E+004   
 3.222295E+004    1.041679E+004   
 3.231239E+004    1.041083E+004   
 3.240182E+004    1.040486E+004   
 3.249126E+004    1.039890E+004   
 3.258070E+004    1.039294E+004   
 3.267013E+004    1.038698E+004   
 3.275957E+004    1.038101E+004   
 3.284901E+004    1.037505E+004   
 3.293845E+004    1.036909E+004   
 3.302788E+004    1.036313E+004   
 3.311731E+004    1.035704E+004   
 3.320654E+004    1.034916E+004   
 3.329578E+004    1.034127E+004   
 3.338502E+004    1.033339E+004   
 3.347425E+004    1.032551E+004   
 3.356349E+004    1.031763E+004   
 3.365273E+004    1.030974E+004   
 3.374196E+004    1.030186E+004   
 3.383120E+004    1.029398E+004   
 3.392044E+004    1.028610E+004   
 3.400967E+004    1.027821E+004   
 3.409891E+004    1.027033E+004   
 3.418780E+004    1.025980E+004   
 3.427667E+004    1.024915E+004   
 3.436554E+004    1.023850E+004   
 3.445441E+004    1.022785E+004   
 3.454328E+004    1.021720E+004   
 3.463216E+004    1.020655E+004   
 3.472103E+004    1.019590E+004   
 3.480990E+004    1.018525E+004   
 3.489878E+004    1.017470E+004   
 3.498768E+004    1.016447E+004   
 3.507659E+004    1.015423E+004   
 3.516549E+004    1.014399E+004   
 3.525440E+004    1.013375E+004   
 3.534331E+004    1.012352E+004   
 3.543221E+004    1.011328E+004   
 3.552112E+004    1.010304E+004   
 3.561002E+004    1.009281E+004   
 3.569897E+004    1.008578E+004   
 3.578796E+004    1.008129E+004   
 3.587695E+004    1.007681E+004   
 3.596593E+004    1.007232E+004   
 3.605481E+004    1.006953E+004   
 3.614338E+004    1.007157E+004   
 3.623194E+004    1.007360E+004   
 3.632051E+004    1.007564E+004   
 3.640789E+004    1.008452E+004   
 3.649507E+004    1.009460E+004   
 3.658224E+004    1.010469E+004   
 3.666833E+004    1.011868E+004   
 3.675302E+004    1.013764E+004   
 3.683771E+004    1.015661E+004   
 3.691932E+004    1.018304E+004   
 3.700034E+004    1.021087E+004   
 3.708071E+004    1.024016E+004   
 3.715836E+004    1.027544E+004   
 3.723395E+004    1.031483E+004   
 3.730728E+004    1.035809E+004   
 3.737797E+004    1.040509E+004   
 3.744575E+004    1.045576E+004   
 3.750887E+004    1.051118E+004   
 3.757199E+004    1.056661E+004   
 3.763033E+004    1.062606E+004   
 3.768686E+004    1.068705E+004   
 3.773613E+004    1.075318E+004   
 3.779030E+004    1.081583E+004   
 3.784178E+004    1.088036E+004   
 3.788943E+004    1.094699E+004   
 3.793402E+004    1.101556E+004   
 3.797556E+004    1.108608E+004   
 3.801404E+004    1.115855E+004   
 3.805045E+004    1.123224E+004   
 3.808613E+004    1.130616E+004   
 3.811979E+004    1.138128E+004   
 3.815141E+004    1.145758E+004   
 3.818101E+004    1.153508E+004   
 3.820864E+004    1.161307E+004   
 3.823431E+004    1.169159E+004   
 3.825798E+004    1.177091E+004   
 3.827965E+004    1.185103E+004   
 3.829933E+004    1.193196E+004   
 3.831682E+004    1.201285E+004   
 3.833225E+004    1.209424E+004   
 3.834562E+004    1.217612E+004   
 3.835693E+004    1.225851E+004   
 3.836596E+004    1.234101E+004   
 3.837226E+004    1.242274E+004   
 3.837629E+004    1.250461E+004   
 3.837806E+004    1.258660E+004   
 3.837757E+004    1.266872E+004   
 3.837481E+004    1.275097E+004   
 3.836980E+004    1.283335E+004   
 3.836252E+004    1.291586E+004   
 3.835100E+004    1.299552E+004   
 3.833660E+004    1.307441E+004   
 3.831943E+004    1.315266E+004   
 3.829949E+004    1.323029E+004   
 3.827679E+004    1.330728E+004   
 3.825131E+004    1.338364E+004   
 3.822306E+004    1.345938E+004   
 3.819132E+004    1.353250E+004   
 3.815604E+004    1.360294E+004   
 3.811762E+004    1.367172E+004   
 3.807605E+004    1.373884E+004   
 3.803133E+004    1.380432E+004   
 3.798347E+004    1.386813E+004   
 3.793444E+004    1.392957E+004   
 3.788298E+004    1.398908E+004   
 3.782900E+004    1.404671E+004   
 3.777251E+004    1.410245E+004   
 3.771350E+004    1.415631E+004   
 3.765262E+004    1.420834E+004   
 3.759125E+004    1.425871E+004   
 3.752811E+004    1.430726E+004   
 3.746319E+004    1.435401E+004   
 3.739649E+004    1.439894E+004   
 3.732802E+004    1.444207E+004   
 3.725898E+004    1.448386E+004   
 3.718937E+004    1.452432E+004   
 3.711859E+004    1.456320E+004   
 3.704664E+004    1.460051E+004   
 3.697352E+004    1.463626E+004   
 3.689924E+004    1.467043E+004   
 3.682552E+004    1.470409E+004   
 3.675110E+004    1.473646E+004   
 3.667592E+004    1.476751E+004   
 3.660000E+004    1.479724E+004   
 3.652333E+004    1.482566E+004   
 3.644590E+004    1.485276E+004   
 3.636773E+004    1.487855E+004   
 3.628933E+004    1.490358E+004   
 3.621114E+004    1.492830E+004   
 3.613251E+004    1.495204E+004   
 3.605344E+004    1.497479E+004   
 3.597394E+004    1.499657E+004   
 3.589400E+004    1.501736E+004   
 3.581363E+004    1.503716E+004   
 3.573282E+004    1.505599E+004   
 3.565225E+004    1.507455E+004   
 3.557151E+004    1.509241E+004   
 3.549052E+004    1.510950E+004   
 3.540928E+004    1.512580E+004   
 3.532779E+004    1.514131E+004   
 3.524605E+004    1.515603E+004   
 3.516405E+004    1.516997E+004   
 3.508194E+004    1.518331E+004   
 3.499993E+004    1.519639E+004   
 3.491778E+004    1.520883E+004   
 3.483549E+004    1.522065E+004   
 3.475306E+004    1.523183E+004   
 3.467047E+004    1.524239E+004   
 3.458775E+004    1.525231E+004   
 3.450488E+004    1.526160E+004   
 3.442216E+004    1.527124E+004   
 3.433945E+004    1.528075E+004   
 3.425666E+004    1.528986E+004   
 3.417379E+004    1.529856E+004   
 3.409085E+004    1.530686E+004   
 3.400783E+004    1.531475E+004   
 3.392473E+004    1.532223E+004   
 3.384155E+004    1.532931E+004   
 3.375830E+004    1.533598E+004   
 3.367497E+004    1.534224E+004   
 3.359157E+004    1.534814E+004   
 3.350844E+004    1.535581E+004   
 3.342528E+004    1.536345E+004   
 3.334211E+004    1.537107E+004   
 3.325892E+004    1.537866E+004   
 3.317571E+004    1.538621E+004   
 3.309248E+004    1.539374E+004   
 3.300923E+004    1.540124E+004   
 3.292596E+004    1.540871E+004   
 3.284268E+004    1.541615E+004   
 3.275938E+004    1.542357E+004   
 3.267610E+004    1.543120E+004   
 3.259292E+004    1.543952E+004   
 3.250976E+004    1.544796E+004   
 3.242660E+004    1.545654E+004   
 3.234344E+004    1.546524E+004   
 3.226030E+004    1.547407E+004   
 3.217716E+004    1.548303E+004   
 3.209404E+004    1.549212E+004   
 3.201092E+004    1.550133E+004   
 3.192780E+004    1.551067E+004   
 3.184470E+004    1.552014E+004   
 3.176161E+004    1.552968E+004   
 3.167854E+004    1.553928E+004   
 3.159547E+004    1.554900E+004   
 3.151241E+004    1.555882E+004   
 3.142937E+004    1.556875E+004   
 3.134633E+004    1.557878E+004   
 3.126331E+004    1.558893E+004   
 3.118029E+004    1.559919E+004   
 3.109729E+004    1.560955E+004   
 3.101429E+004    1.562003E+004   
 3.093131E+004    1.563061E+004   
 3.084833E+004    1.564108E+004   
 3.076535E+004    1.565159E+004   
 3.068238E+004    1.566219E+004   
 3.059943E+004    1.567287E+004   
 3.051648E+004    1.568364E+004   
 3.043354E+004    1.569450E+004   
 3.035061E+004    1.570545E+004   
 3.026769E+004    1.571648E+004   
 3.018478E+004    1.572760E+004   
 3.010188E+004    1.573881E+004   
 3.001899E+004    1.575011E+004   
 2.993611E+004    1.576149E+004   
 2.985324E+004    1.577297E+004   
 2.977037E+004    1.578453E+004   
 2.968752E+004    1.579617E+004   
 2.960467E+004    1.580791E+004   
 2.952184E+004    1.581973E+004   
 2.943901E+004    1.583164E+004   
 2.935619E+004    1.584364E+004   
 2.927338E+004    1.585572E+004   
 2.919059E+004    1.586790E+004   
 2.910780E+004    1.588016E+004   
 2.902502E+004    1.589250E+004   
 2.894225E+004    1.590494E+004   
 2.885948E+004    1.591743E+004   
 2.877667E+004    1.592949E+004   
 2.869386E+004    1.594158E+004   
 2.861106E+004    1.595372E+004   
 2.852827E+004    1.596591E+004   
 2.844548E+004    1.597814E+004   
 2.836269E+004    1.599042E+004   
 2.827991E+004    1.600274E+004   
 2.819713E+004    1.601510E+004   
 2.811436E+004    1.602751E+004   
 2.803159E+004    1.603996E+004   
 2.794883E+004    1.605246E+004   
 2.786607E+004    1.606500E+004   
 2.778332E+004    1.607759E+004   
 2.770057E+004    1.609022E+004   
 2.761783E+004    1.610289E+004   
 2.753509E+004    1.611561E+004   
 2.745235E+004    1.612838E+004   
 2.736963E+004    1.614119E+004   
 2.728690E+004    1.615404E+004   
 2.720418E+004    1.616694E+004   
 2.712147E+004    1.617988E+004   
 2.703876E+004    1.619287E+004   
 2.695605E+004    1.620590E+004   
 2.687335E+004    1.621897E+004   
